3,2
10,74
10,150
10,124
10,96
10,218
10,290
11,4
9,7
9,2
9,3
8,16
8,15
8,10
8,7
32,3
32,2
32,1
32,0
31,3
31,2
31,1
31,0
30,3
30,2
30,1
30,0
20,3
20,2
20,1
19,2
19,3
19,1
12,3
12,2
12,1
11,29
11,28
11,27
11,26
11,25
11,23
11,22
11,20
11,19
11,18
11,17
11,16
11,15
11,14
11,13
11,12
11,11
11,9
11,8
11,7
11,6
11,5
11,3
11,2
11,1
10,313
10,305
10,299
10,297
10,292
10,289
10,281
10,267
10,265
10,249
10,248
10,245
10,243
10,241
10,239
10,237
10,230
10,209
10,197
10,191
10,178
10,157
10,156
18,1
10,145
